option = {
    title: {
        text: 'Awesome Chart'
    },
    xAxis: {
        data: []
    },
    yAxis: {},
    series: [{
        type: 'line',
        data:[109.52, 114.52, 119.52, 124.52, 129.52, 134.52, 139.52, 144.52, 149.52, 154.52, 159.52, 144.96, 149.96, 154.96, 140.4, 145.4, 150.4, 155.4, 160.4, 145.84, 131.28, 136.28, 121.72, 107.16, 92.6, 78.04, 63.48, 68.48, 73.48, 78.48, 83.48, 68.92, 54.36, 39.8, 25.24, 10.68, -3.88, 1.12, 6.12, 11.12, 16.12, 1.56, 6.56, 11.56, 16.56, 2, 7, 12, -2.56, 2.44, 7.44, 12.44, 17.44, 2.88, 7.88, 12.88, 17.88, 3.32, 8.32, 13.32, 18.32, 3.76, -10.8, -25.36, -39.92, -34.92, -49.48, -44.48, -39.48, -34.48, -29.48, -24.48, -19.48, -34.04, -48.6, -43.6, -58.16, -53.16, -48.16, -43.16, -38.16, -33.16, -28.16, -42.72, -37.72, -32.72, -27.72, -42.28, -37.28, -51.84, -46.84, -41.84, -36.84, -51.4, -65.96, -60.96, -75.52, -70.52, -65.52, -60.52, -75.08, -89.64, -84.64, -79.64, -94.2, -89.2, -84.2, -79.2, -93.76, -88.76, -83.76, -78.76, -73.76, -68.76, -63.76, -58.76, -53.76, -48.76, -43.76, -38.76, -33.76, -28.76, -23.76, -38.32, -33.32, -28.32, -23.32, -18.32, -13.32, -8.32, -22.88, -37.44, -32.44, -27.44, -22.44, -17.44, -12.44, -27, -22, -36.56, -51.12, -46.12, -41.12, -36.12, -31.12, -26.12, -21.12, -16.12, -11.12, -6.12, -1.12, 3.88, 8.88, -5.68, -0.68, 4.32, 9.32, 14.32, 19.32, 4.76, -9.8, -4.8, 0.200000000000001, -14.36, -9.36, -4.36, 0.64, 5.64, 10.64, 15.64, 20.64, 6.08, 11.08, 16.08, 21.08, 26.08, 31.08, 36.08, 41.08, 26.52, 31.52, 16.96, 21.96, 26.96, 31.96, 36.96, 22.4, 27.4, 32.4, 37.4, 42.4, 27.84, 32.84, 37.84, 42.84, 47.84, 52.84, 57.84, 43.28, 48.28, 53.28, 58.28, 63.28, 68.28, 53.72, 39.16, 24.6, 29.6, 34.6, 39.6, 25.04, 10.48, -4.08, 0.92, 5.92, 10.92, 15.92, 20.92, 25.92, 30.92, 35.92, 40.92, 45.92, 50.92, 55.92, 60.92, 65.92, 51.36, 36.8, 41.8, 46.8, 51.8, 56.8, 61.8, 66.8, 71.8, 76.8, 81.8, 86.8, 91.8, 96.8, 101.8, 106.8, 111.8, 116.8, 121.8, 107.24, 112.24, 117.24, 122.24, 127.24, 132.24, 137.24, 142.24, 147.24, 152.24, 157.24, 162.24, 167.24, 172.24, 177.24, 182.24, 187.24, 192.24, 197.24, 202.24, 207.24, 192.68, 197.68, 202.68, 207.68, 212.68, 217.68, 203.12, 208.12, 213.12, 218.12, 203.56, 189, 194, 199, 184.44, 169.88, 174.88, 179.88, 184.88, 189.88, 194.88, 199.88, 185.32, 190.32, 195.32, 180.76, 166.2, 151.64, 156.64, 161.64, 166.64, 171.64, 176.64, 162.08, 147.52, 152.52, 157.52, 142.96, 128.4, 133.4, 118.84, 123.84, 109.28, 114.28, 99.72, 104.72, 109.72, 95.16, 80.6, 85.6, 90.6, 95.6, 100.6, 86.04, 91.04, 96.04, 101.04, 106.04, 111.04, 116.04, 101.48, 106.48, 111.48, 116.48, 121.48, 126.48, 131.48, 136.48, 141.48, 126.92, 131.92, 136.92, 122.36, 127.36, 132.36, 137.36, 142.36, 127.8, 113.24, 118.24, 123.24, 128.24, 133.24, 138.24, 143.24, 128.68, 114.12, 119.12, 104.56, 109.56, 95, 80.44, 65.88, 70.88, 75.88, 80.88, 85.88, 90.88, 95.88, 81.32, 86.32, 91.32, 96.32, 101.32, 106.32, 111.32, 116.32, 121.32, 106.76, 111.76, 116.76, 102.2, 87.64, 92.64, 78.08, 63.52, 68.52, 53.96, 39.4, 44.4, 49.4, 54.4, 59.4, 64.4, 69.4, 74.4, 79.4, 64.84, 69.84, 74.84, 79.84, 65.28, 70.28, 55.72, 60.72, 46.16, 51.16, 56.16, 61.16, 66.16, 51.6, 56.6, 61.6, 66.6, 71.6, 57.04, 42.48, 47.48, 52.48, 57.48, 62.48, 67.48, 72.48, 77.48, 82.48, 87.48, 92.48, 97.48, 82.92, 87.92, 73.36, 78.36, 83.36, 68.8, 73.8, 78.8, 83.8, 69.24, 74.24, 79.24, 84.24, 89.24, 94.24, 79.68, 84.68, 70.12, 75.12, 80.12, 85.12, 90.12, 95.12, 100.12, 105.12, 110.12, 95.56, 100.56, 86, 91, 76.44, 61.88, 66.88, 71.88, 76.88, 62.32, 67.32, 72.32, 77.32, 82.32, 87.32, 92.32, 97.32, 82.76, 87.76, 92.76, 97.76, 102.76, 88.2, 73.64, 78.64, 64.08, 69.08, 54.52, 59.52, 64.52, 49.96, 54.96, 59.96, 64.96, 69.96, 74.96, 79.96, 84.96, 89.96, 94.96, 80.4, 65.84, 70.84, 75.84, 61.28, 46.72, 51.72, 56.72, 61.72, 66.72, 71.72, 76.72, 81.72, 86.72, 91.72, 77.16, 82.16, 87.16, 72.6, 77.6, 82.6, 68.04, 53.48, 38.92, 43.92, 48.92, 53.92, 58.92, 63.92, 68.92, 73.92, 59.36, 64.36, 49.8, 54.8, 59.8, 64.8, 50.24, 55.24, 60.24, 65.24, 70.24, 75.24, 80.24, 85.24, 70.68, 75.68, 80.68, 66.12, 71.12, 76.12, 81.12, 86.12, 91.12, 76.56, 81.56, 86.56, 91.56, 77, 82, 87, 72.44, 77.44, 82.44, 87.44, 72.88, 58.32, 43.76, 29.2, 14.64, 0.0800000000000001, 5.08, 10.08, 15.08, 20.08, 25.08, 30.08, 35.08, 40.08, 45.08, 50.08, 55.08, 60.08, 65.08, 70.08, 75.08, 60.52, 65.52, 70.52, 75.52, 80.52, 85.52, 90.52, 95.52, 100.52, 85.96, 90.96, 95.96, 100.96, 86.4, 91.4, 96.4, 81.84, 67.28, 72.28, 57.72, 62.72, 48.16, 53.16, 58.16, 63.16, 68.16, 53.6, 58.6, 63.6, 68.6, 73.6, 59.04, 64.04, 49.48, 54.48, 59.48, 64.48, 69.48, 54.92, 40.36, 45.36, 50.36, 55.36, 60.36, 45.8, 50.8, 55.8, 60.8, 65.8, 70.8, 75.8, 80.8, 85.8, 90.8, 76.24, 81.24, 86.24, 91.24, 96.24, 101.24, 86.68, 91.68, 96.68, 101.68, 87.12, 72.56, 77.56, 82.56, 87.56, 92.56, 97.56, 102.56, 88, 73.44, 78.44, 83.44, 68.88, 73.88, 78.88, 83.88, 88.88, 93.88, 98.88, 103.88, 108.88, 94.32, 79.76, 65.2, 70.2, 55.64, 60.64, 65.64, 51.08, 56.08, 61.08, 66.08, 71.08, 76.08, 61.52, 66.52, 71.52, 76.52, 81.52, 86.52, 91.52, 96.52, 101.52, 106.52, 111.52, 96.96, 82.4, 87.4, 72.84, 77.84, 82.84, 87.84, 92.84, 97.84, 102.84, 107.84, 112.84, 98.28, 103.28, 108.28, 113.28, 98.72, 103.72, 108.72, 113.72, 99.16, 104.16, 89.6, 94.6, 99.6, 104.6, 109.6, 114.6, 100.04, 105.04, 110.04, 115.04, 120.04, 105.48, 110.48, 115.48, 100.92, 105.92, 110.92, 115.92, 101.36, 86.8, 91.8, 96.8, 101.8, 87.24, 92.24, 97.24, 82.68, 87.68, 92.68, 97.68, 102.68, 107.68, 112.68, 117.68, 122.68, 108.12, 113.12, 118.12, 123.12, 128.12, 133.12, 138.12, 123.56, 128.56, 133.56, 138.56, 143.56, 148.56, 153.56, 158.56, 163.56, 149, 154, 159, 164, 149.44, 134.88, 120.32, 125.32, 130.32, 135.32, 140.32, 125.76, 130.76, 116.2, 121.2, 126.2, 131.2, 136.2, 141.2, 146.2, 151.2, 156.2, 161.2, 166.2, 171.2, 176.2, 161.64, 166.64, 171.64, 176.64, 162.08, 167.08, 172.08, 157.52, 162.52, 147.96, 152.96, 157.96, 162.96, 148.4, 133.84, 138.84, 143.84, 129.28, 114.72, 119.72, 105.16, 90.6, 95.6, 81.04, 86.04, 91.04, 76.48, 61.92, 66.92, 52.36, 37.8, 42.8, 28.24, 33.24, 38.24, 43.24, 28.68, 33.68, 19.12, 4.56, 9.56, -5]


    }]
};